       3.981      0.79900002      0.26100001      0.93699998
       6.309      0.54699999       1.0140001      0.65499997
       10.00      0.47600001      0.89999998      0.74199998
       15.84     0.30399999      0.50999999      0.63700002
       25.11      0.26499999      0.49000001      0.87800002
       39.81      0.23899999      0.48300001      0.83399999
       63.09      0.19499999      0.43099999      0.90300000
       100.00      0.16800000      0.16800000       1.0050000
       158.48      0.13900000      0.13900000       1.5700001
       251.18     0.11400000      0.39800000      0.97200000
       398.10      0.10000000      0.34299999      0.97700000
       630.95     0.090999998      0.33100000      0.98400003
       1000.0     0.10700000      0.00000000       1.0000000
       1584.8      0.10400000      0.00000000       1.0000000